v 1.33253 1.17429 1.13077
v 1.06603 1.04726 1.01772
v 1.18403 1.17635 1.08356
v 1.18589 1.09766 1.05347
v 1.10267 1.0637 1.0104
v 1.02656 1.0213 0.984594
v 1.43098 1.1736 1.09821
v 1.55924 1.3426 1.14646
v -5.23537 -4.39815 -0.623849
v 0.248103 0.234808 0.650925
v 0.717152 0.792424 0.979049
v 0.612229 0.941169 0.953711
v 0.888404 0.892298 0.973009
v 0.939923 0.942017 0.967951
v 0.884721 0.892257 0.898528
v 0.715766 0.76518 0.906868
v 0.940157 0.963231 0.976773
v 0.925134 0.939728 0.944302
v 0.179867 0.605805 0.256345
v -8.50425 -5.35559 -1.15437
v -1.10074 0.650243 0.146525
v 0.688114 -0.134272 0.0220186
v 3.28091 4.15562 -6.41767
v -1.16182 -1.69059 -2.77915
v -0.272764 -1.5087 -1.95731
v 3.75197 4.85582 -3.35478
v 0.354761 1.49139 0.701651
v 0.825083 1.16017 -0.599778
v -1.29764 -0.504251 0.816946
v -1.52489 0.530105 -0.222289
v -1.84849 -2.34723 0.0562448
v 0.834198 -0.922914 -0.325382
v 0.128505 -0.758801 0.541225
v -1.99277 -2.96175 -0.136949
v 1.02196 0.678875 0.349318
v -1.2011 6.64604 5.87904
v 0.995494 0.999338 1.00413
v 0.995251 0.997533 0.999386
v 0.994771 0.998758 1.00329
v 1.00707 1.01732 1.01827
v 0.99623 0.994889 0.988497
v 0.99888 0.994008 0.978614
v 1.00574 0.988176 0.976719
v 0.993945 0.990239 0.995839
v 1.00304 0.994844 1.00181
v 1.00738 0.992234 1.01688
v 0.995109 1.00416 1.00205
v 0.981366 1.01001 1.01272
v 0.996355 0.992259 1.00206
v 1.00341 1.0013 1.00842
v 1.02314 1.01174 1.01689
v 0.997285 0.981022 1.00562
v 1.00133 1.00822 1.01219
v 1.00298 0.994116 0.995824
v 0.885831 1.00714 1.12833
v 1.02162 0.985024 1.00463
v 0.953616 1.02147 0.980584
v 1.06243 1.08767 1.1073
v 0.975981 0.946889 0.928628
v 0.954311 0.908525 0.653877
v 1.15788 1.11149 0.584605
v 0.978204 0.958697 0.933826
v 1.17922 0.824507 1.12265
v 1.2832 0.611197 0.880169
v 1.16963 1.17399 1.0213
v 0.596328 1.46353 1.71393
v 0.772536 0.641474 1.04752
v 1.06001 1.2454 1.30678
v 1.27031 0.755158 1.21613
v 1.03581 0.828592 1.03279
v 1.02623 1.14671 1.21064
v 1.06218 0.950646 0.956213

uv 0.29323 0.531457
uv 0.318417 0.59515
uv 0.325958 0.541649
uv 0.34548 0.65523
uv 0.349138 0.576775
uv 0.35212 0.548729
uv 0.356561 0.512843
uv 0.359183 0.494754
uv 0.363892 0.620432
uv 0.365304 0.433821
uv 0.376505 0.487528
uv 0.385668 0.39712
uv 0.388067 0.644064
uv 0.397429 0.475681
uv 0.401662 0.507628
uv 0.404937 0.709385
uv 0.415028 0.420021
uv 0.417958 0.398102
uv 0.421606 0.665366
uv 0.423256 0.477841
uv 0.434306 0.602982
uv 0.434344 0.648608
uv 0.43571 0.746428
uv 0.436057 0.417015
uv 0.441865 0.538783
uv 0.451445 0.709745
uv 0.454216 0.773202
uv 0.459083 0.367457
uv 0.464693 0.617705
uv 0.469438 0.652152
uv 0.4739 0.399862
uv 0.477454 0.533281
uv 0.484198 0.466485
uv 0.486821 0.353439
uv 0.497897 0.431963
uv 0.50269 0.401823
uv 0.50372 0.697362
uv 0.503767 0.778693
uv 0.509989 0.362904
uv 0.515812 0.739688
uv 0.515926 0.656163
uv 0.517462 0.561985
uv 0.521515 0.406321
uv 0.52201 0.38463
uv 0.528359 0.783616
uv 0.542075 0.407043
uv 0.542622 0.542168
uv 0.545139 0.321063
uv 0.552397 0.375688
uv 0.55304 0.342089
uv 0.557281 0.507033
uv 0.558983 0.571707
uv 0.566567 0.37907
uv 0.566965 0.639833
uv 0.568333 0.550165
uv 0.571036 0.353938
uv 0.579571 0.530831
uv 0.581119 0.335077
uv 0.581334 0.621479
uv 0.592007 0.726822
uv 0.59442 0.670776
uv 0.602577 0.756219
uv 0.61869 0.513482
uv 0.631569 0.418389
uv 0.63453 0.678348
uv 0.636955 0.61851
uv 0.638353 0.561921
uv 0.643374 0.673763
uv 0.650668 0.477143
uv 0.654498 0.641032
uv 0.654989 0.624647
uv 0.663415 0.522979

f 2 7 0
f 7 2 6
f 1 4 2
f 4 1 8
f 0 1 2
f 2 5 6
f 5 2 4
f 3 15 12
f 15 3 26
f 1 3 8
f 4 8 20
f 5 4 20
f 14 6 5
f 6 14 10
f 0 7 9
f 6 10 7
f 0 9 11
f 7 10 9
f 10 14 13
f 5 20 14
f 8 3 12
f 9 13 16
f 13 9 10
f 11 9 16
f 11 17 27
f 17 11 16
f 12 18 21
f 18 12 15
f 8 12 20
f 13 19 16
f 19 13 14
f 20 12 21
f 18 25 21
f 25 18 15
f 15 26 22
f 16 19 23
f 17 16 23
f 27 17 23
f 25 15 22
f 19 14 24
f 14 20 24
f 19 24 32
f 21 28 20
f 28 21 29
f 20 28 24
f 25 26 39
f 26 25 22
f 23 19 32
f 23 30 27
f 30 23 32
f 32 24 31
f 25 29 21
f 29 25 36
f 25 39 36
f 33 30 35
f 30 33 27
f 28 31 24
f 31 28 41
f 41 28 40
f 28 29 40
f 30 34 35
f 34 30 32
f 40 29 36
f 32 31 46
f 46 31 41
f 38 35 43
f 35 38 33
f 34 32 50
f 40 36 39
f 35 34 42
f 50 32 46
f 39 26 37
f 39 44 59
f 44 39 37
f 37 26 44
f 33 38 47
f 47 38 49
f 53 40 39
f 40 53 51
f 42 34 45
f 40 51 41
f 35 42 43
f 46 41 51
f 45 34 50
f 38 43 49
f 43 42 45
f 49 43 48
f 45 50 63
f 43 45 48
f 46 51 54
f 57 47 49
f 48 45 52
f 45 63 52
f 49 48 55
f 57 49 55
f 50 54 56
f 54 50 46
f 54 51 58
f 53 39 59
f 48 52 55
f 50 62 63
f 62 50 56
f 53 59 60
f 51 53 58
f 54 58 66
f 55 52 63
f 55 63 57
f 56 54 66
f 60 65 58
f 65 60 64
f 66 58 65
f 58 53 60
f 59 64 60
f 64 59 61
f 59 44 61
f 62 56 66
f 63 62 68
f 61 67 64
f 62 66 71
f 65 64 67
f 65 69 70
f 69 65 67
f 68 62 71
f 66 65 70
f 66 70 71
